Running 30s test @ http://localhost:9411
  2 threads and 20 connections
  Thread calibration: mean lat.: 1650.034ms, rate sampling interval: 6037ms
  Thread calibration: mean lat.: 1713.125ms, rate sampling interval: 6156ms
  Thread Stats   Avg      Stdev     Max   +/- Stdev
    Latency     5.48s     1.01s    7.35s    69.52%
    Req/Sec    40.33      2.75    44.00    100.00%
  Latency Distribution (HdrHistogram - Recorded Latency)
 50.000%    5.72s 
 75.000%    6.33s 
 90.000%    6.58s 
 99.000%    7.06s 
 99.900%    7.25s 
 99.990%    7.35s 
 99.999%    7.35s 
100.000%    7.35s 

  Detailed Percentile spectrum:
       Value   Percentile   TotalCount 1/(1-Percentile)

    3168.255     0.000000            1         1.00
    3985.407     0.100000          164         1.11
    4632.575     0.200000          332         1.25
    4890.623     0.300000          493         1.43
    5132.287     0.400000          655         1.67
    5718.015     0.500000          819         2.00
    5951.487     0.550000          901         2.22
    6090.751     0.600000          983         2.50
    6205.439     0.650000         1067         2.86
    6275.071     0.700000         1154         3.33
    6328.319     0.750000         1234         4.00
    6356.991     0.775000         1270         4.44
    6402.047     0.800000         1310         5.00
    6438.911     0.825000         1352         5.71
    6479.871     0.850000         1392         6.67
    6533.119     0.875000         1434         8.00
    6553.599     0.887500         1456         8.89
    6582.271     0.900000         1476        10.00
    6619.135     0.912500         1495        11.43
    6672.383     0.925000         1516        13.33
    6717.439     0.937500         1538        16.00
    6733.823     0.943750         1546        17.78
    6758.399     0.950000         1556        20.00
    6795.263     0.956250         1566        22.86
    6844.415     0.962500         1577        26.67
    6889.471     0.968750         1587        32.00
    6905.855     0.971875         1591        35.56
    6934.527     0.975000         1597        40.00
    6950.911     0.978125         1602        45.71
    6979.583     0.981250         1607        53.33
    7016.447     0.984375         1613        64.00
    7024.639     0.985938         1614        71.11
    7032.831     0.987500         1617        80.00
    7053.311     0.989062         1620        91.43
    7065.599     0.990625         1622       106.67
    7098.367     0.992188         1625       128.00
    7102.463     0.992969         1626       142.22
    7122.943     0.993750         1627       160.00
    7151.615     0.994531         1629       182.86
    7188.479     0.995313         1630       213.33
    7200.767     0.996094         1631       256.00
    7204.863     0.996484         1632       284.44
    7204.863     0.996875         1632       320.00
    7233.535     0.997266         1633       365.71
    7237.631     0.997656         1634       426.67
    7237.631     0.998047         1634       512.00
    7245.823     0.998242         1635       568.89
    7245.823     0.998437         1635       640.00
    7245.823     0.998633         1635       731.43
    7278.591     0.998828         1636       853.33
    7278.591     0.999023         1636      1024.00
    7278.591     0.999121         1636      1137.78
    7278.591     0.999219         1636      1280.00
    7278.591     0.999316         1636      1462.86
    7352.319     0.999414         1637      1706.67
    7352.319     1.000000         1637          inf
#[Mean    =     5476.809, StdDeviation   =     1010.652]
#[Max     =     7348.224, Total count    =         1637]
#[Buckets =           27, SubBuckets     =         2048]
----------------------------------------------------------
  2316 requests in 30.01s, 239.89MB read
Requests/sec:     77.18
Transfer/sec:      7.99MB
