Running 30s test @ http://localhost:9411
  2 threads and 20 connections
  Thread calibration: mean lat.: 3359.339ms, rate sampling interval: 11788ms
  Thread calibration: mean lat.: 3343.652ms, rate sampling interval: 11706ms
  Thread Stats   Avg      Stdev     Max   +/- Stdev
    Latency    12.22s     3.44s   18.35s    58.70%
    Req/Sec    39.00      0.00    39.00    100.00%
  Latency Distribution (HdrHistogram - Recorded Latency)
 50.000%   12.05s 
 75.000%   15.31s 
 90.000%   16.89s 
 99.000%   18.10s 
 99.900%   18.32s 
 99.990%   18.37s 
 99.999%   18.37s 
100.000%   18.37s 

  Detailed Percentile spectrum:
       Value   Percentile   TotalCount 1/(1-Percentile)

    6230.015     0.000000            1         1.00
    7417.855     0.100000          161         1.11
    8740.863     0.200000          321         1.25
    9895.935     0.300000          481         1.43
   10936.319     0.400000          642         1.67
   12050.431     0.500000          802         2.00
   12591.103     0.550000          882         2.22
   13582.335     0.600000          963         2.50
   14254.079     0.650000         1042         2.86
   14802.943     0.700000         1124         3.33
   15319.039     0.750000         1203         4.00
   15556.607     0.775000         1243         4.44
   15745.023     0.800000         1283         5.00
   16031.743     0.825000         1324         5.71
   16343.039     0.850000         1364         6.67
   16596.991     0.875000         1403         8.00
   16728.063     0.887500         1423         8.89
   16891.903     0.900000         1443        10.00
   17055.743     0.912500         1463        11.43
   17203.199     0.925000         1483        13.33
   17383.423     0.937500         1503        16.00
   17465.343     0.943750         1513        17.78
   17547.263     0.950000         1523        20.00
   17612.799     0.956250         1533        22.86
   17694.719     0.962500         1543        26.67
   17776.639     0.968750         1553        32.00
   17809.407     0.971875         1559        35.56
   17858.559     0.975000         1563        40.00
   17907.711     0.978125         1568        45.71
   17973.247     0.981250         1573        53.33
   18022.399     0.984375         1579        64.00
   18038.783     0.985938         1583        71.11
   18038.783     0.987500         1583        80.00
   18104.319     0.989062         1588        91.43
   18104.319     0.990625         1588       106.67
   18137.087     0.992188         1591       128.00
   18153.471     0.992969         1593       142.22
   18153.471     0.993750         1593       160.00
   18186.239     0.994531         1597       182.86
   18186.239     0.995313         1597       213.33
   18186.239     0.996094         1597       256.00
   18202.623     0.996484         1598       284.44
   18202.623     0.996875         1598       320.00
   18235.391     0.997266         1600       365.71
   18235.391     0.997656         1600       426.67
   18235.391     0.998047         1600       512.00
   18317.311     0.998242         1602       568.89
   18317.311     0.998437         1602       640.00
   18317.311     0.998633         1602       731.43
   18317.311     0.998828         1602       853.33
   18317.311     0.999023         1602      1024.00
   18317.311     0.999121         1602      1137.78
   18317.311     0.999219         1602      1280.00
   18317.311     0.999316         1602      1462.86
   18366.463     0.999414         1603      1706.67
   18366.463     1.000000         1603          inf
#[Mean    =    12223.794, StdDeviation   =     3444.547]
#[Max     =    18350.080, Total count    =         1603]
#[Buckets =           27, SubBuckets     =         2048]
----------------------------------------------------------
  2365 requests in 30.01s, 244.97MB read
Requests/sec:     78.79
Transfer/sec:      8.16MB
