Running 30s test @ http://localhost:9411
  4 threads and 50 connections
  Thread calibration: mean lat.: 1.300ms, rate sampling interval: 10ms
  Thread calibration: mean lat.: 1.324ms, rate sampling interval: 10ms
  Thread calibration: mean lat.: 1.295ms, rate sampling interval: 10ms
  Thread calibration: mean lat.: 1.300ms, rate sampling interval: 10ms
  Thread Stats   Avg      Stdev     Max   +/- Stdev
    Latency     1.29ms  828.09us  16.67ms   85.96%
    Req/Sec   527.70    108.34     1.20k    68.57%
  Latency Distribution (HdrHistogram - Recorded Latency)
 50.000%    1.19ms
 75.000%    1.58ms
 90.000%    1.99ms
 99.000%    4.54ms
 99.900%    9.56ms
 99.990%   15.82ms
 99.999%   16.69ms
100.000%   16.69ms

  Detailed Percentile spectrum:
       Value   Percentile   TotalCount 1/(1-Percentile)

       0.148     0.000000            1         1.00
       0.537     0.100000         4000         1.11
       0.730     0.200000         7996         1.25
       0.896     0.300000        11970         1.43
       1.047     0.400000        15953         1.67
       1.190     0.500000        19947         2.00
       1.262     0.550000        21950         2.22
       1.333     0.600000        23946         2.50
       1.409     0.650000        25928         2.86
       1.489     0.700000        27933         3.33
       1.576     0.750000        29922         4.00
       1.627     0.775000        30910         4.44
       1.686     0.800000        31906         5.00
       1.747     0.825000        32915         5.71
       1.817     0.850000        33894         6.67
       1.897     0.875000        34892         8.00
       1.944     0.887500        35392         8.89
       1.991     0.900000        35888        10.00
       2.046     0.912500        36390        11.43
       2.109     0.925000        36890        13.33
       2.183     0.937500        37385        16.00
       2.227     0.943750        37632        17.78
       2.275     0.950000        37884        20.00
       2.335     0.956250        38135        22.86
       2.409     0.962500        38380        26.67
       2.503     0.968750        38627        32.00
       2.569     0.971875        38755        35.56
       2.649     0.975000        38877        40.00
       2.753     0.978125        39000        45.71
       2.967     0.981250        39125        53.33
       3.317     0.984375        39249        64.00
       3.597     0.985938        39312        71.11
       3.869     0.987500        39374        80.00
       4.239     0.989062        39436        91.43
       4.675     0.990625        39499       106.67
       5.239     0.992188        39561       128.00
       5.463     0.992969        39592       142.22
       5.767     0.993750        39624       160.00
       6.071     0.994531        39655       182.86
       6.415     0.995313        39687       213.33
       6.731     0.996094        39717       256.00
       6.851     0.996484        39732       284.44
       7.043     0.996875        39748       320.00
       7.247     0.997266        39763       365.71
       7.539     0.997656        39779       426.67
       7.839     0.998047        39795       512.00
       8.027     0.998242        39802       568.89
       8.191     0.998437        39811       640.00
       8.687     0.998633        39818       731.43
       9.175     0.998828        39826       853.33
       9.791     0.999023        39834      1024.00
      10.143     0.999121        39837      1137.78
      10.695     0.999219        39841      1280.00
      10.991     0.999316        39845      1462.86
      11.071     0.999414        39849      1706.67
      11.455     0.999512        39853      2048.00
      11.631     0.999561        39855      2275.56
      11.719     0.999609        39857      2560.00
      12.503     0.999658        39859      2925.71
      14.079     0.999707        39861      3413.33
      14.207     0.999756        39863      4096.00
      14.463     0.999780        39864      4551.11
      14.871     0.999805        39865      5120.00
      15.239     0.999829        39866      5851.43
      15.423     0.999854        39867      6826.67
      15.823     0.999878        39868      8192.00
      15.823     0.999890        39868      9102.22
      16.127     0.999902        39869     10240.00
      16.127     0.999915        39869     11702.86
      16.223     0.999927        39871     13653.33
      16.223     0.999939        39871     16384.00
      16.223     0.999945        39871     18204.44
      16.223     0.999951        39871     20480.00
      16.223     0.999957        39871     23405.71
      16.223     0.999963        39871     27306.67
      16.223     0.999969        39871     32768.00
      16.223     0.999973        39871     36408.89
      16.687     0.999976        39872     40960.00
      16.687     1.000000        39872          inf
#[Mean    =        1.285, StdDeviation   =        0.828]
#[Max     =       16.672, Total count    =        39872]
#[Buckets =           27, SubBuckets     =         2048]
----------------------------------------------------------
  59965 requests in 30.00s, 6.00MB read
Requests/sec:   1998.78
Transfer/sec:    204.95KB
