Running 30s test @ http://localhost:9411
  4 threads and 50 connections
  Thread calibration: mean lat.: 2.025ms, rate sampling interval: 10ms
  Thread calibration: mean lat.: 2.085ms, rate sampling interval: 10ms
  Thread calibration: mean lat.: 2.043ms, rate sampling interval: 10ms
  Thread calibration: mean lat.: 2.061ms, rate sampling interval: 10ms
  Thread Stats   Avg      Stdev     Max   +/- Stdev
    Latency     1.87ms    1.54ms  24.45ms   97.09%
    Req/Sec   134.74    107.78   777.00     59.61%
  Latency Distribution (HdrHistogram - Recorded Latency)
 50.000%    1.66ms
 75.000%    2.13ms
 90.000%    2.58ms
 99.000%    9.26ms
 99.900%   19.63ms
 99.990%   23.63ms
 99.999%   24.46ms
100.000%   24.46ms

  Detailed Percentile spectrum:
       Value   Percentile   TotalCount 1/(1-Percentile)

       0.227     0.000000            1         1.00
       0.925     0.100000          997         1.11
       1.157     0.200000         1995         1.25
       1.344     0.300000         2992         1.43
       1.505     0.400000         3992         1.67
       1.659     0.500000         4988         2.00
       1.740     0.550000         5489         2.22
       1.820     0.600000         5982         2.50
       1.910     0.650000         6482         2.86
       2.016     0.700000         6978         3.33
       2.127     0.750000         7476         4.00
       2.185     0.775000         7726         4.44
       2.247     0.800000         7977         5.00
       2.315     0.825000         8228         5.71
       2.387     0.850000         8473         6.67
       2.475     0.875000         8723         8.00
       2.523     0.887500         8850         8.89
       2.585     0.900000         8976        10.00
       2.657     0.912500         9096        11.43
       2.729     0.925000         9222        13.33
       2.819     0.937500         9348        16.00
       2.873     0.943750         9409        17.78
       2.925     0.950000         9471        20.00
       3.001     0.956250         9532        22.86
       3.091     0.962500         9595        26.67
       3.249     0.968750         9658        32.00
       3.401     0.971875         9688        35.56
       3.595     0.975000         9719        40.00
       4.115     0.978125         9750        45.71
       4.743     0.981250         9782        53.33
       6.515     0.984375         9814        64.00
       6.775     0.985938         9828        71.11
       8.063     0.987500         9844        80.00
       8.871     0.989062         9859        91.43
       9.495     0.990625         9875       106.67
      10.455     0.992188         9891       128.00
      11.335     0.992969         9898       142.22
      12.591     0.993750         9906       160.00
      13.535     0.994531         9914       182.86
      14.015     0.995313         9922       213.33
      14.847     0.996094         9930       256.00
      15.231     0.996484         9933       284.44
      15.695     0.996875         9937       320.00
      16.911     0.997266         9941       365.71
      17.535     0.997656         9945       426.67
      17.759     0.998047         9949       512.00
      18.047     0.998242         9951       568.89
      18.671     0.998437         9953       640.00
      19.135     0.998633         9955       731.43
      19.295     0.998828         9957       853.33
      20.047     0.999023         9959      1024.00
      20.143     0.999121         9960      1137.78
      20.431     0.999219         9961      1280.00
      20.479     0.999316         9962      1462.86
      21.999     0.999414         9963      1706.67
      22.047     0.999512         9964      2048.00
      22.047     0.999561         9964      2275.56
      23.007     0.999609         9965      2560.00
      23.007     0.999658         9965      2925.71
      23.375     0.999707         9966      3413.33
      23.375     0.999756         9966      4096.00
      23.375     0.999780         9966      4551.11
      23.631     0.999805         9967      5120.00
      23.631     0.999829         9967      5851.43
      23.631     0.999854         9967      6826.67
      23.631     0.999878         9967      8192.00
      23.631     0.999890         9967      9102.22
      24.463     0.999902         9968     10240.00
      24.463     1.000000         9968          inf
#[Mean    =        1.866, StdDeviation   =        1.539]
#[Max     =       24.448, Total count    =         9968]
#[Buckets =           27, SubBuckets     =         2048]
----------------------------------------------------------
  15020 requests in 30.02s, 1.50MB read
Requests/sec:    500.40
Transfer/sec:     51.31KB
