Running 30s test @ http://localhost:9411
  4 threads and 50 connections
  Thread calibration: mean lat.: 1.648ms, rate sampling interval: 10ms
  Thread calibration: mean lat.: 1.628ms, rate sampling interval: 10ms
  Thread calibration: mean lat.: 1.637ms, rate sampling interval: 10ms
  Thread calibration: mean lat.: 1.605ms, rate sampling interval: 10ms
  Thread Stats   Avg      Stdev     Max   +/- Stdev
    Latency     1.68ms    1.75ms  37.22ms   97.11%
    Req/Sec   264.79    102.69     1.20k    78.46%
  Latency Distribution (HdrHistogram - Recorded Latency)
 50.000%    1.45ms
 75.000%    1.87ms
 90.000%    2.32ms
 99.000%    9.16ms
 99.900%   26.96ms
 99.990%   35.17ms
 99.999%   37.25ms
100.000%   37.25ms

  Detailed Percentile spectrum:
       Value   Percentile   TotalCount 1/(1-Percentile)

       0.179     0.000000            1         1.00
       0.760     0.100000         1994         1.11
       0.981     0.200000         3990         1.25
       1.157     0.300000         5980         1.43
       1.307     0.400000         7985         1.67
       1.450     0.500000         9973         2.00
       1.521     0.550000        10970         2.22
       1.599     0.600000        11966         2.50
       1.684     0.650000        12967         2.86
       1.773     0.700000        13956         3.33
       1.871     0.750000        14954         4.00
       1.926     0.775000        15457         4.44
       1.985     0.800000        15951         5.00
       2.051     0.825000        16455         5.71
       2.119     0.850000        16951         6.67
       2.205     0.875000        17454         8.00
       2.261     0.887500        17694         8.89
       2.319     0.900000        17946        10.00
       2.389     0.912500        18194        11.43
       2.465     0.925000        18447        13.33
       2.557     0.937500        18687        16.00
       2.623     0.943750        18812        17.78
       2.715     0.950000        18936        20.00
       2.819     0.956250        19060        22.86
       2.975     0.962500        19185        26.67
       3.249     0.968750        19311        32.00
       3.507     0.971875        19373        35.56
       3.847     0.975000        19434        40.00
       4.399     0.978125        19497        45.71
       5.239     0.981250        19560        53.33
       6.335     0.984375        19621        64.00
       7.215     0.985938        19652        71.11
       8.007     0.987500        19683        80.00
       8.751     0.989062        19714        91.43
       9.511     0.990625        19747       106.67
      10.799     0.992188        19777       128.00
      11.311     0.992969        19792       142.22
      11.903     0.993750        19808       160.00
      12.991     0.994531        19823       182.86
      13.967     0.995313        19839       213.33
      15.711     0.996094        19855       256.00
      16.063     0.996484        19862       284.44
      16.735     0.996875        19870       320.00
      17.103     0.997266        19878       365.71
      18.079     0.997656        19886       426.67
      19.279     0.998047        19894       512.00
      20.415     0.998242        19897       568.89
      21.455     0.998437        19901       640.00
      24.175     0.998633        19905       731.43
      25.695     0.998828        19909       853.33
      27.055     0.999023        19913      1024.00
      27.183     0.999121        19915      1137.78
      28.047     0.999219        19917      1280.00
      28.319     0.999316        19919      1462.86
      29.247     0.999414        19921      1706.67
      30.495     0.999512        19923      2048.00
      31.103     0.999561        19924      2275.56
      31.423     0.999609        19925      2560.00
      31.455     0.999658        19926      2925.71
      31.471     0.999707        19927      3413.33
      32.255     0.999756        19928      4096.00
      32.255     0.999780        19928      4551.11
      32.719     0.999805        19929      5120.00
      32.719     0.999829        19929      5851.43
      35.167     0.999854        19930      6826.67
      35.167     0.999878        19930      8192.00
      35.167     0.999890        19930      9102.22
      37.183     0.999902        19931     10240.00
      37.183     0.999915        19931     11702.86
      37.183     0.999927        19931     13653.33
      37.183     0.999939        19931     16384.00
      37.183     0.999945        19931     18204.44
      37.247     0.999951        19932     20480.00
      37.247     1.000000        19932          inf
#[Mean    =        1.682, StdDeviation   =        1.749]
#[Max     =       37.216, Total count    =        19932]
#[Buckets =           27, SubBuckets     =         2048]
----------------------------------------------------------
  29992 requests in 30.00s, 3.00MB read
Requests/sec:    999.73
Transfer/sec:    102.51KB
