Running 30s test @ http://localhost:9411
  2 threads and 20 connections
  Thread calibration: mean lat.: 2.202ms, rate sampling interval: 10ms
  Thread calibration: mean lat.: 2.270ms, rate sampling interval: 10ms
  Thread Stats   Avg      Stdev     Max   +/- Stdev
    Latency     2.32ms    3.93ms  65.86ms   98.37%
    Req/Sec   108.93    114.39     1.00k    90.18%
  Latency Distribution (HdrHistogram - Recorded Latency)
 50.000%    1.86ms
 75.000%    2.29ms
 90.000%    2.86ms
 99.000%    9.70ms
 99.900%   56.38ms
 99.990%   65.92ms
 99.999%   65.92ms
100.000%   65.92ms

  Detailed Percentile spectrum:
       Value   Percentile   TotalCount 1/(1-Percentile)

       0.265     0.000000            1         1.00
       1.140     0.100000          398         1.11
       1.345     0.200000          798         1.25
       1.531     0.300000         1196         1.43
       1.701     0.400000         1592         1.67
       1.859     0.500000         1990         2.00
       1.940     0.550000         2191         2.22
       2.012     0.600000         2390         2.50
       2.099     0.650000         2591         2.86
       2.189     0.700000         2789         3.33
       2.289     0.750000         2987         4.00
       2.355     0.775000         3086         4.44
       2.429     0.800000         3185         5.00
       2.509     0.825000         3284         5.71
       2.613     0.850000         3383         6.67
       2.711     0.875000         3483         8.00
       2.775     0.887500         3533         8.89
       2.857     0.900000         3583        10.00
       2.939     0.912500         3632        11.43
       3.043     0.925000         3682        13.33
       3.181     0.937500         3732        16.00
       3.251     0.943750         3757        17.78
       3.435     0.950000         3781        20.00
       3.557     0.956250         3807        22.86
       3.777     0.962500         3831        26.67
       4.243     0.968750         3857        32.00
       4.507     0.971875         3870        35.56
       4.767     0.975000         3881        40.00
       5.235     0.978125         3893        45.71
       5.755     0.981250         3906        53.33
       6.383     0.984375         3918        64.00
       7.239     0.985938         3925        71.11
       8.543     0.987500         3931        80.00
       9.127     0.989062         3937        91.43
      12.951     0.990625         3943       106.67
      19.951     0.992188         3949       128.00
      25.999     0.992969         3953       142.22
      31.407     0.993750         3956       160.00
      35.903     0.994531         3959       182.86
      40.223     0.995313         3962       213.33
      45.695     0.996094         3965       256.00
      45.759     0.996484         3967       284.44
      46.111     0.996875         3968       320.00
      50.207     0.997266         3970       365.71
      50.239     0.997656         3971       426.67
      55.359     0.998047         3974       512.00
      55.359     0.998242         3974       568.89
      55.359     0.998437         3974       640.00
      55.679     0.998633         3975       731.43
      56.383     0.998828         3976       853.33
      56.863     0.999023         3977      1024.00
      56.863     0.999121         3977      1137.78
      56.863     0.999219         3977      1280.00
      60.223     0.999316         3978      1462.86
      60.223     0.999414         3978      1706.67
      60.511     0.999512         3979      2048.00
      60.511     0.999561         3979      2275.56
      60.511     0.999609         3979      2560.00
      60.511     0.999658         3979      2925.71
      60.511     0.999707         3979      3413.33
      65.919     0.999756         3980      4096.00
      65.919     1.000000         3980          inf
#[Mean    =        2.315, StdDeviation   =        3.929]
#[Max     =       65.856, Total count    =         3980]
#[Buckets =           27, SubBuckets     =         2048]
----------------------------------------------------------
  6002 requests in 30.00s, 0.89MB read
  Non-2xx or 3xx responses: 474
Requests/sec:    200.05
Transfer/sec:     30.45KB
