Running 30s test @ http://localhost:9411
  2 threads and 20 connections
  Thread calibration: mean lat.: 3.586ms, rate sampling interval: 10ms
  Thread calibration: mean lat.: 3.382ms, rate sampling interval: 10ms
  Thread Stats   Avg      Stdev     Max   +/- Stdev
    Latency     2.61ms    1.43ms  15.22ms   83.38%
    Req/Sec    54.79     94.41   444.00     78.39%
  Latency Distribution (HdrHistogram - Recorded Latency)
 50.000%    2.30ms
 75.000%    2.98ms
 90.000%    4.14ms
 99.000%    8.25ms
 99.900%   13.02ms
 99.990%   15.22ms
 99.999%   15.22ms
100.000%   15.22ms

  Detailed Percentile spectrum:
       Value   Percentile   TotalCount 1/(1-Percentile)

       0.230     0.000000            1         1.00
       1.359     0.100000          198         1.11
       1.682     0.200000          396         1.25
       1.908     0.300000          595         1.43
       2.109     0.400000          792         1.67
       2.303     0.500000          990         2.00
       2.407     0.550000         1089         2.22
       2.517     0.600000         1190         2.50
       2.645     0.650000         1289         2.86
       2.807     0.700000         1386         3.33
       2.981     0.750000         1485         4.00
       3.075     0.775000         1535         4.44
       3.207     0.800000         1584         5.00
       3.377     0.825000         1634         5.71
       3.565     0.850000         1683         6.67
       3.805     0.875000         1733         8.00
       3.961     0.887500         1759         8.89
       4.143     0.900000         1782        10.00
       4.363     0.912500         1807        11.43
       4.587     0.925000         1832        13.33
       4.839     0.937500         1857        16.00
       4.955     0.943750         1869        17.78
       5.139     0.950000         1881        20.00
       5.315     0.956250         1894        22.86
       5.567     0.962500         1906        26.67
       5.955     0.968750         1919        32.00
       6.195     0.971875         1925        35.56
       6.527     0.975000         1931        40.00
       6.783     0.978125         1937        45.71
       7.099     0.981250         1943        53.33
       7.491     0.984375         1950        64.00
       7.627     0.985938         1953        71.11
       7.799     0.987500         1956        80.00
       8.231     0.989062         1959        91.43
       8.535     0.990625         1962       106.67
       8.727     0.992188         1965       128.00
       9.351     0.992969         1967       142.22
       9.735     0.993750         1968       160.00
       9.975     0.994531         1970       182.86
       9.999     0.995313         1971       213.33
      10.255     0.996094         1973       256.00
      10.423     0.996484         1974       284.44
      10.423     0.996875         1974       320.00
      10.447     0.997266         1975       365.71
      12.487     0.997656         1976       426.67
      12.599     0.998047         1977       512.00
      12.599     0.998242         1977       568.89
      12.599     0.998437         1977       640.00
      13.015     0.998633         1978       731.43
      13.015     0.998828         1978       853.33
      13.895     0.999023         1979      1024.00
      13.895     0.999121         1979      1137.78
      13.895     0.999219         1979      1280.00
      13.895     0.999316         1979      1462.86
      13.895     0.999414         1979      1706.67
      15.223     0.999512         1980      2048.00
      15.223     1.000000         1980          inf
#[Mean    =        2.611, StdDeviation   =        1.425]
#[Max     =       15.216, Total count    =         1980]
#[Buckets =           27, SubBuckets     =         2048]
----------------------------------------------------------
  3002 requests in 30.00s, 467.86KB read
  Non-2xx or 3xx responses: 236
Requests/sec:    100.05
Transfer/sec:     15.59KB
