Running 30s test @ http://localhost:9411
  4 threads and 50 connections
  Thread calibration: mean lat.: 1.430ms, rate sampling interval: 10ms
  Thread calibration: mean lat.: 1.462ms, rate sampling interval: 10ms
  Thread calibration: mean lat.: 1.521ms, rate sampling interval: 10ms
  Thread calibration: mean lat.: 1.478ms, rate sampling interval: 10ms
  Thread Stats   Avg      Stdev     Max   +/- Stdev
    Latency     1.07s     1.27s    5.40s    79.80%
    Req/Sec   233.29    402.23     5.22k    89.12%
  Latency Distribution (HdrHistogram - Recorded Latency)
 50.000%  416.00ms
 75.000%    1.99s 
 90.000%    3.10s 
 99.000%    4.64s 
 99.900%    5.14s 
 99.990%    5.25s 
 99.999%    5.40s 
100.000%    5.40s 

  Detailed Percentile spectrum:
       Value   Percentile   TotalCount 1/(1-Percentile)

       0.220     0.000000            1         1.00
       2.737     0.100000         1653         1.11
      20.943     0.200000         3304         1.25
      73.343     0.300000         4957         1.43
     199.551     0.400000         6608         1.67
     415.999     0.500000         8263         2.00
     633.855     0.550000         9086         2.22
     886.783     0.600000         9914         2.50
    1140.735     0.650000        10739         2.86
    1526.783     0.700000        11564         3.33
    1990.655     0.750000        12391         4.00
    2193.407     0.775000        12812         4.44
    2361.343     0.800000        13220         5.00
    2570.239     0.825000        13629         5.71
    2768.895     0.850000        14042         6.67
    2938.879     0.875000        14455         8.00
    3024.895     0.887500        14663         8.89
    3100.671     0.900000        14869        10.00
    3190.783     0.912500        15077        11.43
    3332.095     0.925000        15282        13.33
    3459.071     0.937500        15488        16.00
    3522.559     0.943750        15591        17.78
    3586.047     0.950000        15695        20.00
    3651.583     0.956250        15802        22.86
    3706.879     0.962500        15903        26.67
    3776.511     0.968750        16004        32.00
    3823.615     0.971875        16056        35.56
    3887.103     0.975000        16107        40.00
    3971.071     0.978125        16159        45.71
    4108.287     0.981250        16211        53.33
    4263.935     0.984375        16262        64.00
    4374.527     0.985938        16288        71.11
    4497.407     0.987500        16314        80.00
    4583.423     0.989062        16341        91.43
    4673.535     0.990625        16367       106.67
    4759.551     0.992188        16391       128.00
    4792.319     0.992969        16405       142.22
    4820.991     0.993750        16417       160.00
    4853.759     0.994531        16430       182.86
    4894.719     0.995313        16444       213.33
    4939.775     0.996094        16457       256.00
    4964.351     0.996484        16462       284.44
    4993.023     0.996875        16470       320.00
    5005.311     0.997266        16476       365.71
    5025.791     0.997656        16482       426.67
    5042.175     0.998047        16489       512.00
    5046.271     0.998242        16491       568.89
    5074.943     0.998437        16495       640.00
    5103.615     0.998633        16499       731.43
    5128.191     0.998828        16501       853.33
    5148.671     0.999023        16505      1024.00
    5152.767     0.999121        16507      1137.78
    5169.151     0.999219        16508      1280.00
    5185.535     0.999316        16509      1462.86
    5189.631     0.999414        16511      1706.67
    5197.823     0.999512        16512      2048.00
    5206.015     0.999561        16514      2275.56
    5206.015     0.999609        16514      2560.00
    5226.495     0.999658        16515      2925.71
    5238.783     0.999707        16517      3413.33
    5238.783     0.999756        16517      4096.00
    5238.783     0.999780        16517      4551.11
    5238.783     0.999805        16517      5120.00
    5246.975     0.999829        16518      5851.43
    5246.975     0.999854        16518      6826.67
    5246.975     0.999878        16518      8192.00
    5353.471     0.999890        16519      9102.22
    5353.471     0.999902        16519     10240.00
    5353.471     0.999915        16519     11702.86
    5353.471     0.999927        16519     13653.33
    5353.471     0.999939        16519     16384.00
    5402.623     0.999945        16520     18204.44
    5402.623     1.000000        16520          inf
#[Mean    =     1072.966, StdDeviation   =     1268.909]
#[Max     =     5398.528, Total count    =        16520]
#[Buckets =           27, SubBuckets     =         2048]
----------------------------------------------------------
  26581 requests in 30.01s, 2.66MB read
Requests/sec:    885.83
Transfer/sec:     90.83KB
