Running 30s test @ http://localhost:9411
  4 threads and 50 connections
  Thread calibration: mean lat.: 1.515ms, rate sampling interval: 10ms
  Thread calibration: mean lat.: 1.456ms, rate sampling interval: 10ms
  Thread calibration: mean lat.: 1.473ms, rate sampling interval: 10ms
  Thread calibration: mean lat.: 1.474ms, rate sampling interval: 10ms
  Thread Stats   Avg      Stdev     Max   +/- Stdev
    Latency     1.38ms  574.88us   7.37ms   71.19%
    Req/Sec   133.51    101.58   333.00     62.34%
  Latency Distribution (HdrHistogram - Recorded Latency)
 50.000%    1.33ms
 75.000%    1.69ms
 90.000%    2.07ms
 99.000%    2.92ms
 99.900%    5.42ms
 99.990%    6.62ms
 99.999%    7.38ms
100.000%    7.38ms

  Detailed Percentile spectrum:
       Value   Percentile   TotalCount 1/(1-Percentile)

       0.217     0.000000            1         1.00
       0.703     0.100000          999         1.11
       0.890     0.200000         1995         1.25
       1.054     0.300000         2997         1.43
       1.202     0.400000         3993         1.67
       1.334     0.500000         4988         2.00
       1.400     0.550000         5488         2.22
       1.466     0.600000         5990         2.50
       1.534     0.650000         6486         2.86
       1.610     0.700000         6988         3.33
       1.693     0.750000         7482         4.00
       1.741     0.775000         7736         4.44
       1.792     0.800000         7980         5.00
       1.858     0.825000         8228         5.71
       1.918     0.850000         8483         6.67
       1.985     0.875000         8730         8.00
       2.021     0.887500         8852         8.89
       2.067     0.900000         8979        10.00
       2.117     0.912500         9101        11.43
       2.163     0.925000         9231        13.33
       2.223     0.937500         9353        16.00
       2.259     0.943750         9413        17.78
       2.295     0.950000         9479        20.00
       2.341     0.956250         9538        22.86
       2.393     0.962500         9600        26.67
       2.453     0.968750         9662        32.00
       2.487     0.971875         9694        35.56
       2.535     0.975000         9724        40.00
       2.583     0.978125         9755        45.71
       2.631     0.981250         9787        53.33
       2.697     0.984375         9818        64.00
       2.745     0.985938         9833        71.11
       2.807     0.987500         9851        80.00
       2.863     0.989062         9864        91.43
       2.989     0.990625         9881       106.67
       3.111     0.992188         9896       128.00
       3.213     0.992969         9903       142.22
       3.303     0.993750         9911       160.00
       3.505     0.994531         9919       182.86
       3.823     0.995313         9927       213.33
       4.195     0.996094         9936       256.00
       4.219     0.996484         9938       284.44
       4.327     0.996875         9942       320.00
       4.679     0.997266         9946       365.71
       4.795     0.997656         9950       426.67
       5.003     0.998047         9955       512.00
       5.075     0.998242         9956       568.89
       5.135     0.998437         9958       640.00
       5.223     0.998633         9960       731.43
       5.407     0.998828         9962       853.33
       5.459     0.999023         9964      1024.00
       5.463     0.999121         9965      1137.78
       5.571     0.999219         9966      1280.00
       5.667     0.999316         9967      1462.86
       5.747     0.999414         9968      1706.67
       5.751     0.999512         9969      2048.00
       5.751     0.999561         9969      2275.56
       5.763     0.999609         9970      2560.00
       5.763     0.999658         9970      2925.71
       5.811     0.999707         9971      3413.33
       5.811     0.999756         9971      4096.00
       5.811     0.999780         9971      4551.11
       6.615     0.999805         9972      5120.00
       6.615     0.999829         9972      5851.43
       6.615     0.999854         9972      6826.67
       6.615     0.999878         9972      8192.00
       6.615     0.999890         9972      9102.22
       7.375     0.999902         9973     10240.00
       7.375     1.000000         9973          inf
#[Mean    =        1.377, StdDeviation   =        0.575]
#[Max     =        7.372, Total count    =         9973]
#[Buckets =           27, SubBuckets     =         2048]
----------------------------------------------------------
  15017 requests in 30.00s, 1.50MB read
Requests/sec:    500.52
Transfer/sec:     51.32KB
