Running 30s test @ http://localhost:9411
  2 threads and 20 connections
  Thread calibration: mean lat.: 2.555ms, rate sampling interval: 10ms
  Thread calibration: mean lat.: 2.663ms, rate sampling interval: 10ms
  Thread Stats   Avg      Stdev     Max   +/- Stdev
    Latency     2.66ms    2.21ms  38.53ms   96.57%
    Req/Sec    54.47     93.63     0.89k    78.01%
  Latency Distribution (HdrHistogram - Recorded Latency)
 50.000%    2.40ms
 75.000%    2.87ms
 90.000%    3.45ms
 99.000%    8.26ms
 99.900%   35.04ms
 99.990%   38.56ms
 99.999%   38.56ms
100.000%   38.56ms

  Detailed Percentile spectrum:
       Value   Percentile   TotalCount 1/(1-Percentile)

       0.225     0.000000            1         1.00
       1.548     0.100000          199         1.11
       1.864     0.200000          396         1.25
       2.071     0.300000          594         1.43
       2.231     0.400000          796         1.67
       2.399     0.500000          992         2.00
       2.471     0.550000         1089         2.22
       2.549     0.600000         1189         2.50
       2.653     0.650000         1291         2.86
       2.753     0.700000         1386         3.33
       2.873     0.750000         1486         4.00
       2.939     0.775000         1535         4.44
       3.007     0.800000         1585         5.00
       3.093     0.825000         1634         5.71
       3.189     0.850000         1683         6.67
       3.329     0.875000         1733         8.00
       3.387     0.887500         1758         8.89
       3.451     0.900000         1782        10.00
       3.601     0.912500         1807        11.43
       3.777     0.925000         1832        13.33
       4.029     0.937500         1857        16.00
       4.179     0.943750         1869        17.78
       4.391     0.950000         1881        20.00
       4.523     0.956250         1894        22.86
       4.667     0.962500         1906        26.67
       4.959     0.968750         1919        32.00
       5.219     0.971875         1925        35.56
       5.651     0.975000         1931        40.00
       5.839     0.978125         1937        45.71
       6.007     0.981250         1943        53.33
       6.187     0.984375         1950        64.00
       6.779     0.985938         1953        71.11
       7.131     0.987500         1956        80.00
       8.019     0.989062         1959        91.43
       8.887     0.990625         1962       106.67
       9.383     0.992188         1965       128.00
      10.447     0.992969         1967       142.22
      10.743     0.993750         1968       160.00
      13.279     0.994531         1970       182.86
      16.399     0.995313         1971       213.33
      23.631     0.996094         1973       256.00
      24.991     0.996484         1974       284.44
      24.991     0.996875         1974       320.00
      28.031     0.997266         1975       365.71
      28.399     0.997656         1976       426.67
      34.751     0.998047         1977       512.00
      34.751     0.998242         1977       568.89
      34.751     0.998437         1977       640.00
      35.039     0.998633         1978       731.43
      35.039     0.998828         1978       853.33
      38.335     0.999023         1979      1024.00
      38.335     0.999121         1979      1137.78
      38.335     0.999219         1979      1280.00
      38.335     0.999316         1979      1462.86
      38.335     0.999414         1979      1706.67
      38.559     0.999512         1980      2048.00
      38.559     1.000000         1980          inf
#[Mean    =        2.658, StdDeviation   =        2.205]
#[Max     =       38.528, Total count    =         1980]
#[Buckets =           27, SubBuckets     =         2048]
----------------------------------------------------------
  3002 requests in 30.00s, 498.06KB read
  Non-2xx or 3xx responses: 236
Requests/sec:    100.05
Transfer/sec:     16.60KB
