Running 30s test @ http://localhost:9411
  2 threads and 20 connections
  Thread calibration: mean lat.: 2.432ms, rate sampling interval: 10ms
  Thread calibration: mean lat.: 2.455ms, rate sampling interval: 10ms
  Thread Stats   Avg      Stdev     Max   +/- Stdev
    Latency     2.37ms    0.97ms  15.55ms   86.33%
    Req/Sec   107.82    105.37   444.00     39.39%
  Latency Distribution (HdrHistogram - Recorded Latency)
 50.000%    2.29ms
 75.000%    2.70ms
 90.000%    3.10ms
 99.000%    6.22ms
 99.900%   12.46ms
 99.990%   15.56ms
 99.999%   15.56ms
100.000%   15.56ms

  Detailed Percentile spectrum:
       Value   Percentile   TotalCount 1/(1-Percentile)

       0.191     0.000000            1         1.00
       1.487     0.100000          399         1.11
       1.801     0.200000          797         1.25
       1.998     0.300000         1196         1.43
       2.157     0.400000         1594         1.67
       2.295     0.500000         1994         2.00
       2.371     0.550000         2195         2.22
       2.443     0.600000         2389         2.50
       2.531     0.650000         2589         2.86
       2.613     0.700000         2791         3.33
       2.703     0.750000         2986         4.00
       2.749     0.775000         3087         4.44
       2.797     0.800000         3186         5.00
       2.849     0.825000         3287         5.71
       2.923     0.850000         3383         6.67
       3.005     0.875000         3488         8.00
       3.045     0.887500         3536         8.89
       3.103     0.900000         3582        10.00
       3.165     0.912500         3633        11.43
       3.243     0.925000         3682        13.33
       3.325     0.937500         3732        16.00
       3.383     0.943750         3759        17.78
       3.443     0.950000         3781        20.00
       3.525     0.956250         3807        22.86
       3.607     0.962500         3831        26.67
       3.727     0.968750         3856        32.00
       3.813     0.971875         3870        35.56
       3.903     0.975000         3881        40.00
       4.067     0.978125         3893        45.71
       4.355     0.981250         3906        53.33
       4.775     0.984375         3918        64.00
       4.999     0.985938         3925        71.11
       5.419     0.987500         3931        80.00
       6.107     0.989062         3937        91.43
       6.527     0.990625         3943       106.67
       7.075     0.992188         3949       128.00
       7.375     0.992969         3953       142.22
       7.627     0.993750         3956       160.00
       8.287     0.994531         3959       182.86
       8.583     0.995313         3962       213.33
       8.839     0.996094         3965       256.00
       9.015     0.996484         3967       284.44
       9.327     0.996875         3968       320.00
       9.759     0.997266         3970       365.71
       9.839     0.997656         3972       426.67
      11.439     0.998047         3973       512.00
      11.919     0.998242         3974       568.89
      11.919     0.998437         3974       640.00
      11.943     0.998633         3975       731.43
      12.463     0.998828         3976       853.33
      12.479     0.999023         3977      1024.00
      12.479     0.999121         3977      1137.78
      12.479     0.999219         3977      1280.00
      12.831     0.999316         3978      1462.86
      12.831     0.999414         3978      1706.67
      15.527     0.999512         3979      2048.00
      15.527     0.999561         3979      2275.56
      15.527     0.999609         3979      2560.00
      15.527     0.999658         3979      2925.71
      15.527     0.999707         3979      3413.33
      15.559     0.999756         3980      4096.00
      15.559     1.000000         3980          inf
#[Mean    =        2.367, StdDeviation   =        0.973]
#[Max     =       15.552, Total count    =         3980]
#[Buckets =           27, SubBuckets     =         2048]
----------------------------------------------------------
  6002 requests in 30.00s, 0.97MB read
  Non-2xx or 3xx responses: 474
Requests/sec:    200.04
Transfer/sec:     33.10KB
