Running 30s test @ http://localhost:9411
  4 threads and 50 connections
  Thread calibration: mean lat.: 1.760ms, rate sampling interval: 10ms
  Thread calibration: mean lat.: 1.761ms, rate sampling interval: 10ms
  Thread calibration: mean lat.: 1.731ms, rate sampling interval: 10ms
  Thread calibration: mean lat.: 1.764ms, rate sampling interval: 10ms
  Thread Stats   Avg      Stdev     Max   +/- Stdev
    Latency     1.65ms    1.31ms  28.18ms   96.52%
    Req/Sec   133.99    102.76   700.00     62.07%
  Latency Distribution (HdrHistogram - Recorded Latency)
 50.000%    1.48ms
 75.000%    1.91ms
 90.000%    2.33ms
 99.000%    7.22ms
 99.900%   17.42ms
 99.990%   27.87ms
 99.999%   28.19ms
100.000%   28.19ms

  Detailed Percentile spectrum:
       Value   Percentile   TotalCount 1/(1-Percentile)

       0.187     0.000000            1         1.00
       0.817     0.100000          998         1.11
       1.027     0.200000         1997         1.25
       1.193     0.300000         2995         1.43
       1.340     0.400000         3996         1.67
       1.482     0.500000         4987         2.00
       1.553     0.550000         5487         2.22
       1.633     0.600000         5984         2.50
       1.716     0.650000         6482         2.86
       1.809     0.700000         6984         3.33
       1.905     0.750000         7482         4.00
       1.959     0.775000         7734         4.44
       2.019     0.800000         7979         5.00
       2.085     0.825000         8231         5.71
       2.159     0.850000         8477         6.67
       2.243     0.875000         8732         8.00
       2.279     0.887500         8851         8.89
       2.333     0.900000         8976        10.00
       2.391     0.912500         9100        11.43
       2.461     0.925000         9229        13.33
       2.549     0.937500         9349        16.00
       2.587     0.943750         9412        17.78
       2.649     0.950000         9477        20.00
       2.709     0.956250         9536        22.86
       2.811     0.962500         9599        26.67
       2.931     0.968750         9662        32.00
       3.037     0.971875         9692        35.56
       3.191     0.975000         9723        40.00
       3.479     0.978125         9754        45.71
       3.973     0.981250         9786        53.33
       4.723     0.984375         9817        64.00
       5.507     0.985938         9832        71.11
       6.283     0.987500         9848        80.00
       6.763     0.989062         9863        91.43
       7.391     0.990625         9879       106.67
       8.199     0.992188         9895       128.00
       8.543     0.992969         9902       142.22
       8.927     0.993750         9910       160.00
       9.239     0.994531         9919       182.86
      10.567     0.995313         9926       213.33
      10.959     0.996094         9934       256.00
      11.511     0.996484         9937       284.44
      12.487     0.996875         9941       320.00
      12.631     0.997266         9945       365.71
      13.599     0.997656         9949       426.67
      14.855     0.998047         9953       512.00
      16.343     0.998242         9955       568.89
      16.671     0.998437         9957       640.00
      17.119     0.998633         9959       731.43
      17.375     0.998828         9961       853.33
      18.351     0.999023         9963      1024.00
      21.151     0.999121         9964      1137.78
      21.407     0.999219         9965      1280.00
      21.759     0.999316         9966      1462.86
      22.271     0.999414         9967      1706.67
      22.671     0.999512         9968      2048.00
      22.671     0.999561         9968      2275.56
      22.799     0.999609         9969      2560.00
      22.799     0.999658         9969      2925.71
      24.255     0.999707         9970      3413.33
      24.255     0.999756         9970      4096.00
      24.255     0.999780         9970      4551.11
      27.871     0.999805         9971      5120.00
      27.871     0.999829         9971      5851.43
      27.871     0.999854         9971      6826.67
      27.871     0.999878         9971      8192.00
      27.871     0.999890         9971      9102.22
      28.191     0.999902         9972     10240.00
      28.191     1.000000         9972          inf
#[Mean    =        1.650, StdDeviation   =        1.306]
#[Max     =       28.176, Total count    =         9972]
#[Buckets =           27, SubBuckets     =         2048]
----------------------------------------------------------
  15016 requests in 30.00s, 1.50MB read
Requests/sec:    500.55
Transfer/sec:     51.33KB
