Running 30s test @ http://localhost:9411
  4 threads and 50 connections
  Thread calibration: mean lat.: 1.866ms, rate sampling interval: 10ms
  Thread calibration: mean lat.: 1.870ms, rate sampling interval: 10ms
  Thread calibration: mean lat.: 1.896ms, rate sampling interval: 10ms
  Thread calibration: mean lat.: 1.829ms, rate sampling interval: 10ms
  Thread Stats   Avg      Stdev     Max   +/- Stdev
    Latency     1.88ms    4.44ms  69.63ms   98.14%
    Req/Sec   263.60    120.17     2.11k    78.27%
  Latency Distribution (HdrHistogram - Recorded Latency)
 50.000%    1.33ms
 75.000%    1.71ms
 90.000%    2.12ms
 99.000%   23.76ms
 99.900%   61.12ms
 99.990%   69.38ms
 99.999%   69.69ms
100.000%   69.69ms

  Detailed Percentile spectrum:
       Value   Percentile   TotalCount 1/(1-Percentile)

       0.158     0.000000            1         1.00
       0.691     0.100000         1994         1.11
       0.892     0.200000         3987         1.25
       1.056     0.300000         5981         1.43
       1.198     0.400000         7979         1.67
       1.334     0.500000         9978         2.00
       1.401     0.550000        10968         2.22
       1.465     0.600000        11964         2.50
       1.537     0.650000        12969         2.86
       1.620     0.700000        13959         3.33
       1.710     0.750000        14956         4.00
       1.761     0.775000        15452         4.44
       1.807     0.800000        15948         5.00
       1.869     0.825000        16451         5.71
       1.936     0.850000        16946         6.67
       2.017     0.875000        17450         8.00
       2.063     0.887500        17696         8.89
       2.121     0.900000        17950        10.00
       2.173     0.912500        18194        11.43
       2.241     0.925000        18443        13.33
       2.331     0.937500        18693        16.00
       2.381     0.943750        18814        17.78
       2.447     0.950000        18939        20.00
       2.533     0.956250        19063        22.86
       2.661     0.962500        19188        26.67
       2.889     0.968750        19313        32.00
       3.079     0.971875        19375        35.56
       3.681     0.975000        19437        40.00
       4.451     0.978125        19499        45.71
       6.171     0.981250        19562        53.33
       9.399     0.984375        19625        64.00
      13.303     0.985938        19655        71.11
      17.663     0.987500        19686        80.00
      21.615     0.989062        19717        91.43
      25.999     0.990625        19749       106.67
      29.967     0.992188        19780       128.00
      33.343     0.992969        19795       142.22
      35.935     0.993750        19811       160.00
      38.527     0.994531        19826       182.86
      41.535     0.995313        19842       213.33
      45.183     0.996094        19858       256.00
      46.207     0.996484        19865       284.44
      48.031     0.996875        19873       320.00
      48.959     0.997266        19882       365.71
      50.815     0.997656        19889       426.67
      53.503     0.998047        19897       512.00
      54.207     0.998242        19900       568.89
      54.943     0.998437        19904       640.00
      57.407     0.998633        19908       731.43
      59.679     0.998828        19912       853.33
      63.295     0.999023        19917      1024.00
      63.551     0.999121        19918      1137.78
      63.807     0.999219        19920      1280.00
      64.031     0.999316        19922      1462.86
      65.855     0.999414        19925      1706.67
      66.879     0.999512        19926      2048.00
      66.943     0.999561        19929      2275.56
      66.943     0.999609        19929      2560.00
      66.943     0.999658        19929      2925.71
      68.095     0.999707        19930      3413.33
      68.351     0.999756        19931      4096.00
      68.351     0.999780        19931      4551.11
      68.863     0.999805        19932      5120.00
      68.863     0.999829        19932      5851.43
      69.375     0.999854        19933      6826.67
      69.375     0.999878        19933      8192.00
      69.375     0.999890        19933      9102.22
      69.439     0.999902        19934     10240.00
      69.439     0.999915        19934     11702.86
      69.439     0.999927        19934     13653.33
      69.439     0.999939        19934     16384.00
      69.439     0.999945        19934     18204.44
      69.695     0.999951        19935     20480.00
      69.695     1.000000        19935          inf
#[Mean    =        1.878, StdDeviation   =        4.443]
#[Max     =       69.632, Total count    =        19935]
#[Buckets =           27, SubBuckets     =         2048]
----------------------------------------------------------
  29995 requests in 30.00s, 3.00MB read
Requests/sec:    999.77
Transfer/sec:    102.52KB
