Running 30s test @ http://localhost:9411
  2 threads and 10 connections
  Thread calibration: mean lat.: 246.356ms, rate sampling interval: 1287ms
  Thread calibration: mean lat.: 249.228ms, rate sampling interval: 1304ms
  Thread Stats   Avg      Stdev     Max   +/- Stdev
    Latency   265.87ms  313.35ms   1.16s    82.86%
    Req/Sec   100.87     13.75   122.00     66.67%
  Latency Distribution (HdrHistogram - Recorded Latency)
 50.000%   99.20ms
 75.000%  416.00ms
 90.000%  828.41ms
 99.000%    1.10s 
 99.900%    1.14s 
 99.990%    1.16s 
 99.999%    1.16s 
100.000%    1.16s 

  Detailed Percentile spectrum:
       Value   Percentile   TotalCount 1/(1-Percentile)

       0.281     0.000000            1         1.00
      20.015     0.100000          403         1.11
      30.831     0.200000          806         1.25
      42.015     0.300000         1210         1.43
      59.487     0.400000         1611         1.67
      99.199     0.500000         2013         2.00
     137.087     0.550000         2215         2.22
     196.863     0.600000         2416         2.50
     267.007     0.650000         2618         2.86
     327.423     0.700000         2819         3.33
     415.999     0.750000         3020         4.00
     466.175     0.775000         3121         4.44
     519.423     0.800000         3221         5.00
     570.367     0.825000         3322         5.71
     659.967     0.850000         3423         6.67
     733.695     0.875000         3523         8.00
     780.287     0.887500         3574         8.89
     828.927     0.900000         3624        10.00
     869.375     0.912500         3674        11.43
     904.191     0.925000         3725        13.33
     945.663     0.937500         3775        16.00
     964.607     0.943750         3800        17.78
     982.527     0.950000         3825        20.00
     996.863     0.956250         3850        22.86
    1015.295     0.962500         3877        26.67
    1028.095     0.968750         3901        32.00
    1037.823     0.971875         3913        35.56
    1048.575     0.975000         3926        40.00
    1057.791     0.978125         3939        45.71
    1063.935     0.981250         3954        53.33
    1074.175     0.984375         3966        64.00
    1083.391     0.985938         3971        71.11
    1087.487     0.987500         3977        80.00
    1096.703     0.989062         3982        91.43
    1103.871     0.990625         3989       106.67
    1111.039     0.992188         3995       128.00
    1116.159     0.992969         3998       142.22
    1121.279     0.993750         4003       160.00
    1123.327     0.994531         4004       182.86
    1125.375     0.995313         4008       213.33
    1129.471     0.996094         4011       256.00
    1130.495     0.996484         4012       284.44
    1132.543     0.996875         4014       320.00
    1133.567     0.997266         4016       365.71
    1134.591     0.997656         4017       426.67
    1137.663     0.998047         4019       512.00
    1137.663     0.998242         4019       568.89
    1140.735     0.998437         4020       640.00
    1143.807     0.998633         4021       731.43
    1144.831     0.998828         4022       853.33
    1148.927     0.999023         4023      1024.00
    1148.927     0.999121         4023      1137.78
    1148.927     0.999219         4023      1280.00
    1154.047     0.999316         4024      1462.86
    1154.047     0.999414         4024      1706.67
    1159.167     0.999512         4025      2048.00
    1159.167     0.999561         4025      2275.56
    1159.167     0.999609         4025      2560.00
    1159.167     0.999658         4025      2925.71
    1159.167     0.999707         4025      3413.33
    1161.215     0.999756         4026      4096.00
    1161.215     1.000000         4026          inf
#[Mean    =      265.868, StdDeviation   =      313.349]
#[Max     =     1160.192, Total count    =         4026]
#[Buckets =           27, SubBuckets     =         2048]
----------------------------------------------------------
  5970 requests in 30.00s, 9.31MB read
  Non-2xx or 3xx responses: 474
Requests/sec:    198.99
Transfer/sec:    317.65KB
