Running 30s test @ http://localhost:9411
  2 threads and 10 connections
  Thread calibration: mean lat.: 30.064ms, rate sampling interval: 100ms
  Thread calibration: mean lat.: 31.230ms, rate sampling interval: 102ms
  Thread Stats   Avg      Stdev     Max   +/- Stdev
    Latency    30.34ms   15.98ms  88.77ms   65.00%
    Req/Sec    50.04     11.99    97.00     83.67%
  Latency Distribution (HdrHistogram - Recorded Latency)
 50.000%   30.66ms
 75.000%   41.09ms
 90.000%   51.10ms
 99.000%   66.37ms
 99.900%   87.42ms
 99.990%   88.83ms
 99.999%   88.83ms
100.000%   88.83ms

  Detailed Percentile spectrum:
       Value   Percentile   TotalCount 1/(1-Percentile)

       0.407     0.000000            1         1.00
      10.935     0.100000          200         1.11
      15.159     0.200000          401         1.25
      21.727     0.300000          600         1.43
      26.879     0.400000          800         1.67
      30.655     0.500000         1000         2.00
      32.463     0.550000         1100         2.22
      34.431     0.600000         1201         2.50
      36.447     0.650000         1301         2.86
      38.687     0.700000         1401         3.33
      41.087     0.750000         1500         4.00
      42.687     0.775000         1551         4.44
      43.775     0.800000         1600         5.00
      45.311     0.825000         1650         5.71
      47.199     0.850000         1701         6.67
      49.183     0.875000         1750         8.00
      49.983     0.887500         1775         8.89
      51.103     0.900000         1800        10.00
      52.095     0.912500         1825        11.43
      53.471     0.925000         1850        13.33
      54.847     0.937500         1875        16.00
      55.775     0.943750         1888        17.78
      56.415     0.950000         1900        20.00
      57.247     0.956250         1915        22.86
      58.015     0.962500         1925        26.67
      59.807     0.968750         1938        32.00
      60.223     0.971875         1944        35.56
      60.735     0.975000         1950        40.00
      61.631     0.978125         1957        45.71
      62.975     0.981250         1963        53.33
      64.255     0.984375         1969        64.00
      64.959     0.985938         1972        71.11
      65.439     0.987500         1975        80.00
      65.919     0.989062         1979        91.43
      67.263     0.990625         1982       106.67
      69.311     0.992188         1985       128.00
      70.783     0.992969         1986       142.22
      71.359     0.993750         1988       160.00
      76.095     0.994531         1990       182.86
      77.055     0.995313         1992       213.33
      78.463     0.996094         1993       256.00
      78.463     0.996484         1993       284.44
      79.103     0.996875         1994       320.00
      85.055     0.997266         1995       365.71
      85.887     0.997656         1996       426.67
      86.527     0.998047         1997       512.00
      86.527     0.998242         1997       568.89
      86.527     0.998437         1997       640.00
      87.423     0.998633         1998       731.43
      87.423     0.998828         1998       853.33
      88.767     0.999023         1999      1024.00
      88.767     0.999121         1999      1137.78
      88.767     0.999219         1999      1280.00
      88.767     0.999316         1999      1462.86
      88.767     0.999414         1999      1706.67
      88.831     0.999512         2000      2048.00
      88.831     1.000000         2000          inf
#[Mean    =       30.342, StdDeviation   =       15.982]
#[Max     =       88.768, Total count    =         2000]
#[Buckets =           27, SubBuckets     =         2048]
----------------------------------------------------------
  3002 requests in 30.01s, 4.71MB read
  Non-2xx or 3xx responses: 237
Requests/sec:    100.03
Transfer/sec:    160.78KB
