Running 30s test @ http://localhost:9411
  4 threads and 50 connections
  Thread calibration: mean lat.: 1.897ms, rate sampling interval: 10ms
  Thread calibration: mean lat.: 1.856ms, rate sampling interval: 10ms
  Thread calibration: mean lat.: 1.824ms, rate sampling interval: 10ms
  Thread calibration: mean lat.: 1.839ms, rate sampling interval: 10ms
  Thread Stats   Avg      Stdev     Max   +/- Stdev
    Latency     1.84ms    1.54ms  22.22ms   96.15%
    Req/Sec   134.51    104.62   666.00     61.72%
  Latency Distribution (HdrHistogram - Recorded Latency)
 50.000%    1.61ms
 75.000%    2.05ms
 90.000%    2.52ms
 99.000%    9.86ms
 99.900%   17.70ms
 99.990%   21.92ms
 99.999%   22.24ms
100.000%   22.24ms

  Detailed Percentile spectrum:
       Value   Percentile   TotalCount 1/(1-Percentile)

       0.240     0.000000            1         1.00
       0.888     0.100000         1001         1.11
       1.121     0.200000         1999         1.25
       1.304     0.300000         2997         1.43
       1.458     0.400000         3991         1.67
       1.608     0.500000         4990         2.00
       1.682     0.550000         5487         2.22
       1.766     0.600000         5991         2.50
       1.856     0.650000         6483         2.86
       1.955     0.700000         6986         3.33
       2.053     0.750000         7487         4.00
       2.111     0.775000         7731         4.44
       2.177     0.800000         7981         5.00
       2.249     0.825000         8234         5.71
       2.329     0.850000         8487         6.67
       2.413     0.875000         8728         8.00
       2.461     0.887500         8852         8.89
       2.521     0.900000         8976        10.00
       2.593     0.912500         9102        11.43
       2.677     0.925000         9226        13.33
       2.791     0.937500         9350        16.00
       2.853     0.943750         9412        17.78
       2.957     0.950000         9475        20.00
       3.109     0.956250         9536        22.86
       3.425     0.962500         9599        26.67
       3.829     0.968750         9661        32.00
       4.179     0.971875         9692        35.56
       4.875     0.975000         9723        40.00
       5.767     0.978125         9754        45.71
       6.555     0.981250         9786        53.33
       7.451     0.984375         9817        64.00
       8.255     0.985938         9832        71.11
       8.903     0.987500         9848        80.00
       9.599     0.989062         9863        91.43
      10.143     0.990625         9879       106.67
      11.087     0.992188         9896       128.00
      11.631     0.992969         9902       142.22
      12.543     0.993750         9910       160.00
      13.295     0.994531         9918       182.86
      13.551     0.995313         9926       213.33
      13.999     0.996094         9934       256.00
      14.327     0.996484         9937       284.44
      14.687     0.996875         9941       320.00
      15.135     0.997266         9945       365.71
      15.447     0.997656         9949       426.67
      15.983     0.998047         9953       512.00
      16.111     0.998242         9955       568.89
      16.463     0.998437         9957       640.00
      16.815     0.998633         9959       731.43
      17.695     0.998828         9962       853.33
      17.839     0.999023         9963      1024.00
      17.967     0.999121         9964      1137.78
      18.639     0.999219         9965      1280.00
      18.911     0.999316         9966      1462.86
      19.055     0.999414         9967      1706.67
      19.119     0.999512         9968      2048.00
      19.119     0.999561         9968      2275.56
      21.551     0.999609         9969      2560.00
      21.551     0.999658         9969      2925.71
      21.583     0.999707         9970      3413.33
      21.583     0.999756         9970      4096.00
      21.583     0.999780         9970      4551.11
      21.919     0.999805         9971      5120.00
      21.919     0.999829         9971      5851.43
      21.919     0.999854         9971      6826.67
      21.919     0.999878         9971      8192.00
      21.919     0.999890         9971      9102.22
      22.239     0.999902         9972     10240.00
      22.239     1.000000         9972          inf
#[Mean    =        1.844, StdDeviation   =        1.542]
#[Max     =       22.224, Total count    =         9972]
#[Buckets =           27, SubBuckets     =         2048]
----------------------------------------------------------
  15017 requests in 30.01s, 1.50MB read
Requests/sec:    500.46
Transfer/sec:     51.32KB
