Running 30s test @ http://localhost:9411
  4 threads and 50 connections
  Thread calibration: mean lat.: 1.634ms, rate sampling interval: 10ms
  Thread calibration: mean lat.: 1.677ms, rate sampling interval: 10ms
  Thread calibration: mean lat.: 1.640ms, rate sampling interval: 10ms
  Thread calibration: mean lat.: 1.591ms, rate sampling interval: 10ms
  Thread Stats   Avg      Stdev     Max   +/- Stdev
    Latency     1.55ms    1.16ms  24.93ms   95.06%
    Req/Sec   263.77    100.15     1.00k    76.74%
  Latency Distribution (HdrHistogram - Recorded Latency)
 50.000%    1.41ms
 75.000%    1.83ms
 90.000%    2.28ms
 99.000%    5.97ms
 99.900%   15.62ms
 99.990%   23.66ms
 99.999%   24.94ms
100.000%   24.94ms

  Detailed Percentile spectrum:
       Value   Percentile   TotalCount 1/(1-Percentile)

       0.202     0.000000            1         1.00
       0.718     0.100000         1999         1.11
       0.938     0.200000         3995         1.25
       1.116     0.300000         5988         1.43
       1.271     0.400000         7985         1.67
       1.407     0.500000         9972         2.00
       1.479     0.550000        10967         2.22
       1.553     0.600000        11965         2.50
       1.638     0.650000        12965         2.86
       1.729     0.700000        13953         3.33
       1.831     0.750000        14956         4.00
       1.885     0.775000        15449         4.44
       1.945     0.800000        15950         5.00
       2.012     0.825000        16447         5.71
       2.089     0.850000        16955         6.67
       2.181     0.875000        17447         8.00
       2.229     0.887500        17692         8.89
       2.279     0.900000        17940        10.00
       2.337     0.912500        18191        11.43
       2.399     0.925000        18441        13.33
       2.481     0.937500        18694        16.00
       2.527     0.943750        18814        17.78
       2.577     0.950000        18936        20.00
       2.633     0.956250        19063        22.86
       2.713     0.962500        19186        26.67
       2.819     0.968750        19311        32.00
       2.901     0.971875        19372        35.56
       2.987     0.975000        19433        40.00
       3.143     0.978125        19496        45.71
       3.451     0.981250        19558        53.33
       4.139     0.984375        19620        64.00
       4.591     0.985938        19652        71.11
       4.951     0.987500        19682        80.00
       5.527     0.989062        19714        91.43
       6.463     0.990625        19745       106.67
       7.375     0.992188        19776       128.00
       7.735     0.992969        19791       142.22
       8.535     0.993750        19807       160.00
       9.223     0.994531        19823       182.86
       9.847     0.995313        19838       213.33
      10.551     0.996094        19854       256.00
      10.839     0.996484        19861       284.44
      11.159     0.996875        19869       320.00
      11.631     0.997266        19877       365.71
      12.063     0.997656        19885       426.67
      12.639     0.998047        19893       512.00
      12.863     0.998242        19896       568.89
      13.599     0.998437        19900       640.00
      14.319     0.998633        19904       731.43
      15.111     0.998828        19908       853.33
      15.983     0.999023        19912      1024.00
      16.271     0.999121        19914      1137.78
      16.463     0.999219        19916      1280.00
      16.607     0.999316        19918      1462.86
      17.791     0.999414        19920      1706.67
      18.623     0.999512        19922      2048.00
      19.103     0.999561        19923      2275.56
      19.135     0.999609        19924      2560.00
      19.503     0.999658        19925      2925.71
      19.839     0.999707        19926      3413.33
      20.639     0.999756        19927      4096.00
      20.639     0.999780        19927      4551.11
      23.599     0.999805        19928      5120.00
      23.599     0.999829        19928      5851.43
      23.663     0.999854        19929      6826.67
      23.663     0.999878        19929      8192.00
      23.663     0.999890        19929      9102.22
      24.671     0.999902        19930     10240.00
      24.671     0.999915        19930     11702.86
      24.671     0.999927        19930     13653.33
      24.671     0.999939        19930     16384.00
      24.671     0.999945        19930     18204.44
      24.943     0.999951        19931     20480.00
      24.943     1.000000        19931          inf
#[Mean    =        1.551, StdDeviation   =        1.157]
#[Max     =       24.928, Total count    =        19931]
#[Buckets =           27, SubBuckets     =         2048]
----------------------------------------------------------
  29991 requests in 30.00s, 3.00MB read
Requests/sec:    999.74
Transfer/sec:    102.51KB
