Running 30s test @ http://localhost:9411
  4 threads and 50 connections
  Thread calibration: mean lat.: 1.606ms, rate sampling interval: 10ms
  Thread calibration: mean lat.: 1.571ms, rate sampling interval: 10ms
  Thread calibration: mean lat.: 1.558ms, rate sampling interval: 10ms
  Thread calibration: mean lat.: 1.608ms, rate sampling interval: 10ms
  Thread Stats   Avg      Stdev     Max   +/- Stdev
    Latency     1.94ms    3.60ms  56.00ms   97.19%
    Req/Sec   527.71    170.32     3.56k    84.41%
  Latency Distribution (HdrHistogram - Recorded Latency)
 50.000%    1.42ms
 75.000%    1.88ms
 90.000%    2.37ms
 99.000%   19.10ms
 99.900%   50.05ms
 99.990%   54.98ms
 99.999%   56.03ms
100.000%   56.03ms

  Detailed Percentile spectrum:
       Value   Percentile   TotalCount 1/(1-Percentile)

       0.251     0.000000            1         1.00
       0.719     0.100000         2976         1.11
       0.910     0.200000         5949         1.25
       1.087     0.300000         8910         1.43
       1.256     0.400000        11889         1.67
       1.418     0.500000        14862         2.00
       1.500     0.550000        16349         2.22
       1.583     0.600000        17829         2.50
       1.673     0.650000        19306         2.86
       1.770     0.700000        20796         3.33
       1.876     0.750000        22271         4.00
       1.941     0.775000        23017         4.44
       2.009     0.800000        23758         5.00
       2.081     0.825000        24496         5.71
       2.165     0.850000        25249         6.67
       2.255     0.875000        25986         8.00
       2.311     0.887500        26358         8.89
       2.369     0.900000        26723        10.00
       2.439     0.912500        27094        11.43
       2.533     0.925000        27468        13.33
       2.683     0.937500        27838        16.00
       2.781     0.943750        28024        17.78
       2.903     0.950000        28209        20.00
       3.107     0.956250        28393        22.86
       3.555     0.962500        28579        26.67
       4.723     0.968750        28765        32.00
       5.515     0.971875        28857        35.56
       6.727     0.975000        28950        40.00
       8.359     0.978125        29043        45.71
      10.191     0.981250        29136        53.33
      12.591     0.984375        29229        64.00
      13.479     0.985938        29275        71.11
      15.087     0.987500        29321        80.00
      18.175     0.989062        29369        91.43
      21.487     0.990625        29414       106.67
      23.759     0.992188        29462       128.00
      26.191     0.992969        29484       142.22
      27.119     0.993750        29507       160.00
      28.223     0.994531        29530       182.86
      30.991     0.995313        29553       213.33
      33.119     0.996094        29577       256.00
      33.951     0.996484        29588       284.44
      34.815     0.996875        29600       320.00
      37.471     0.997266        29611       365.71
      40.159     0.997656        29623       426.67
      45.215     0.998047        29635       512.00
      45.727     0.998242        29640       568.89
      47.487     0.998437        29646       640.00
      48.991     0.998633        29652       731.43
      49.439     0.998828        29658       853.33
      50.719     0.999023        29664      1024.00
      51.583     0.999121        29666      1137.78
      51.807     0.999219        29669      1280.00
      52.767     0.999316        29672      1462.86
      53.183     0.999414        29676      1706.67
      53.375     0.999512        29678      2048.00
      53.791     0.999561        29679      2275.56
      53.919     0.999609        29681      2560.00
      54.047     0.999658        29682      2925.71
      54.271     0.999707        29684      3413.33
      54.303     0.999756        29685      4096.00
      54.431     0.999780        29686      4551.11
      54.591     0.999805        29687      5120.00
      54.591     0.999829        29687      5851.43
      54.975     0.999854        29689      6826.67
      54.975     0.999878        29689      8192.00
      54.975     0.999890        29689      9102.22
      55.103     0.999902        29690     10240.00
      55.103     0.999915        29690     11702.86
      55.103     0.999927        29690     13653.33
      55.391     0.999939        29691     16384.00
      55.391     0.999945        29691     18204.44
      55.391     0.999951        29691     20480.00
      55.391     0.999957        29691     23405.71
      55.391     0.999963        29691     27306.67
      56.031     0.999969        29692     32768.00
      56.031     1.000000        29692          inf
#[Mean    =        1.945, StdDeviation   =        3.595]
#[Max     =       56.000, Total count    =        29692]
#[Buckets =           27, SubBuckets     =         2048]
----------------------------------------------------------
  49780 requests in 7.09m, 4.98MB read
  Socket errors: connect 0, read 0, write 0, timeout 48
Requests/sec:    117.04
Transfer/sec:     12.00KB
