Running 30s test @ http://localhost:9411
  4 threads and 50 connections
  Thread calibration: mean lat.: 1.939ms, rate sampling interval: 10ms
  Thread calibration: mean lat.: 1.873ms, rate sampling interval: 10ms
  Thread calibration: mean lat.: 1.912ms, rate sampling interval: 10ms
  Thread calibration: mean lat.: 1.864ms, rate sampling interval: 10ms
  Thread Stats   Avg      Stdev     Max   +/- Stdev
    Latency     1.83ms    0.98ms  19.73ms   90.90%
    Req/Sec   134.53    101.35   555.00     63.38%
  Latency Distribution (HdrHistogram - Recorded Latency)
 50.000%    1.74ms
 75.000%    2.15ms
 90.000%    2.56ms
 99.000%    3.48ms
 99.900%   14.52ms
 99.990%   18.50ms
 99.999%   19.74ms
100.000%   19.74ms

  Detailed Percentile spectrum:
       Value   Percentile   TotalCount 1/(1-Percentile)

       0.273     0.000000            1         1.00
       1.044     0.100000         1005         1.11
       1.266     0.200000         1997         1.25
       1.438     0.300000         2993         1.43
       1.598     0.400000         3990         1.67
       1.740     0.500000         4988         2.00
       1.813     0.550000         5491         2.22
       1.893     0.600000         5987         2.50
       1.969     0.650000         6486         2.86
       2.063     0.700000         6992         3.33
       2.155     0.750000         7482         4.00
       2.205     0.775000         7733         4.44
       2.257     0.800000         7978         5.00
       2.327     0.825000         8231         5.71
       2.401     0.850000         8478         6.67
       2.473     0.875000         8730         8.00
       2.511     0.887500         8855         8.89
       2.561     0.900000         8980        10.00
       2.617     0.912500         9106        11.43
       2.679     0.925000         9225        13.33
       2.745     0.937500         9349        16.00
       2.787     0.943750         9414        17.78
       2.819     0.950000         9475        20.00
       2.865     0.956250         9539        22.86
       2.921     0.962500         9599        26.67
       2.985     0.968750         9662        32.00
       3.031     0.971875         9692        35.56
       3.075     0.975000         9726        40.00
       3.111     0.978125         9755        45.71
       3.197     0.981250         9786        53.33
       3.267     0.984375         9817        64.00
       3.303     0.985938         9832        71.11
       3.369     0.987500         9848        80.00
       3.433     0.989062         9864        91.43
       3.537     0.990625         9879       106.67
       3.971     0.992188         9895       128.00
       4.463     0.992969         9902       142.22
       5.127     0.993750         9911       160.00
       7.639     0.994531         9918       182.86
       8.631     0.995313         9926       213.33
       9.943     0.996094         9934       256.00
      10.191     0.996484         9937       284.44
      10.583     0.996875         9941       320.00
      10.783     0.997266         9945       365.71
      12.695     0.997656         9949       426.67
      12.887     0.998047         9953       512.00
      13.375     0.998242         9955       568.89
      13.535     0.998437         9957       640.00
      14.047     0.998633         9959       731.43
      14.391     0.998828         9961       853.33
      15.303     0.999023         9963      1024.00
      15.599     0.999121         9964      1137.78
      15.791     0.999219         9965      1280.00
      16.223     0.999316         9966      1462.86
      16.335     0.999414         9967      1706.67
      16.607     0.999512         9968      2048.00
      16.607     0.999561         9968      2275.56
      17.855     0.999609         9969      2560.00
      17.855     0.999658         9969      2925.71
      18.383     0.999707         9970      3413.33
      18.383     0.999756         9970      4096.00
      18.383     0.999780         9970      4551.11
      18.495     0.999805         9971      5120.00
      18.495     0.999829         9971      5851.43
      18.495     0.999854         9971      6826.67
      18.495     0.999878         9971      8192.00
      18.495     0.999890         9971      9102.22
      19.743     0.999902         9972     10240.00
      19.743     1.000000         9972          inf
#[Mean    =        1.832, StdDeviation   =        0.982]
#[Max     =       19.728, Total count    =         9972]
#[Buckets =           27, SubBuckets     =         2048]
----------------------------------------------------------
  15016 requests in 30.00s, 1.50MB read
Requests/sec:    500.54
Transfer/sec:     51.32KB
