Running 30s test @ http://localhost:9411
  4 threads and 50 connections
  Thread calibration: mean lat.: 1.651ms, rate sampling interval: 10ms
  Thread calibration: mean lat.: 1.680ms, rate sampling interval: 10ms
  Thread calibration: mean lat.: 1.658ms, rate sampling interval: 10ms
  Thread calibration: mean lat.: 1.657ms, rate sampling interval: 10ms
  Thread Stats   Avg      Stdev     Max   +/- Stdev
    Latency     1.64ms    1.10ms  24.70ms   96.97%
    Req/Sec   262.83     99.56     0.90k    78.77%
  Latency Distribution (HdrHistogram - Recorded Latency)
 50.000%    1.56ms
 75.000%    1.92ms
 90.000%    2.28ms
 99.000%    3.09ms
 99.900%   17.90ms
 99.990%   23.45ms
 99.999%   24.72ms
100.000%   24.72ms

  Detailed Percentile spectrum:
       Value   Percentile   TotalCount 1/(1-Percentile)

       0.258     0.000000            1         1.00
       0.887     0.100000         1998         1.11
       1.100     0.200000         3993         1.25
       1.266     0.300000         5985         1.43
       1.422     0.400000         7986         1.67
       1.559     0.500000         9979         2.00
       1.624     0.550000        10968         2.22
       1.690     0.600000        11967         2.50
       1.762     0.650000        12964         2.86
       1.838     0.700000        13965         3.33
       1.923     0.750000        14954         4.00
       1.968     0.775000        15451         4.44
       2.017     0.800000        15950         5.00
       2.073     0.825000        16452         5.71
       2.131     0.850000        16955         6.67
       2.199     0.875000        17447         8.00
       2.233     0.887500        17696         8.89
       2.277     0.900000        17941        10.00
       2.323     0.912500        18190        11.43
       2.371     0.925000        18448        13.33
       2.429     0.937500        18694        16.00
       2.461     0.943750        18816        17.78
       2.501     0.950000        18939        20.00
       2.545     0.956250        19062        22.86
       2.601     0.962500        19190        26.67
       2.655     0.968750        19313        32.00
       2.687     0.971875        19375        35.56
       2.727     0.975000        19438        40.00
       2.771     0.978125        19499        45.71
       2.823     0.981250        19561        53.33
       2.895     0.984375        19624        64.00
       2.931     0.985938        19654        71.11
       2.973     0.987500        19685        80.00
       3.037     0.989062        19715        91.43
       3.185     0.990625        19747       106.67
       3.557     0.992188        19778       128.00
       4.031     0.992969        19793       142.22
       5.675     0.993750        19809       160.00
       7.351     0.994531        19824       182.86
       9.135     0.995313        19840       213.33
      10.103     0.996094        19856       256.00
      10.711     0.996484        19863       284.44
      12.031     0.996875        19871       320.00
      13.183     0.997266        19879       365.71
      14.335     0.997656        19887       426.67
      15.103     0.998047        19895       512.00
      15.831     0.998242        19898       568.89
      16.767     0.998437        19902       640.00
      17.263     0.998633        19906       731.43
      17.791     0.998828        19910       853.33
      17.967     0.999023        19914      1024.00
      18.671     0.999121        19916      1137.78
      18.863     0.999219        19918      1280.00
      19.087     0.999316        19920      1462.86
      19.231     0.999414        19922      1706.67
      19.951     0.999512        19925      2048.00
      19.951     0.999561        19925      2275.56
      20.623     0.999609        19926      2560.00
      21.039     0.999658        19927      2925.71
      22.479     0.999707        19928      3413.33
      22.495     0.999756        19929      4096.00
      22.495     0.999780        19929      4551.11
      22.895     0.999805        19930      5120.00
      22.895     0.999829        19930      5851.43
      23.455     0.999854        19931      6826.67
      23.455     0.999878        19931      8192.00
      23.455     0.999890        19931      9102.22
      23.823     0.999902        19932     10240.00
      23.823     0.999915        19932     11702.86
      23.823     0.999927        19932     13653.33
      23.823     0.999939        19932     16384.00
      23.823     0.999945        19932     18204.44
      24.719     0.999951        19933     20480.00
      24.719     1.000000        19933          inf
#[Mean    =        1.640, StdDeviation   =        1.099]
#[Max     =       24.704, Total count    =        19933]
#[Buckets =           27, SubBuckets     =         2048]
----------------------------------------------------------
  29993 requests in 30.00s, 3.00MB read
Requests/sec:    999.75
Transfer/sec:    102.51KB
