Running 30s test @ http://localhost:9411
  4 threads and 50 connections
  Thread calibration: mean lat.: 2.172ms, rate sampling interval: 10ms
  Thread calibration: mean lat.: 2.161ms, rate sampling interval: 10ms
  Thread calibration: mean lat.: 2.206ms, rate sampling interval: 10ms
  Thread calibration: mean lat.: 2.224ms, rate sampling interval: 10ms
  Thread Stats   Avg      Stdev     Max   +/- Stdev
    Latency     2.53ms    5.71ms  99.52ms   96.79%
    Req/Sec   133.71    108.49     1.11k    60.85%
  Latency Distribution (HdrHistogram - Recorded Latency)
 50.000%    1.54ms
 75.000%    2.03ms
 90.000%    2.77ms
 99.000%   36.67ms
 99.900%   63.49ms
 99.990%   79.87ms
 99.999%   99.58ms
100.000%   99.58ms

  Detailed Percentile spectrum:
       Value   Percentile   TotalCount 1/(1-Percentile)

       0.244     0.000000            1         1.00
       0.797     0.100000         1000         1.11
       1.025     0.200000         1997         1.25
       1.219     0.300000         2997         1.43
       1.380     0.400000         3992         1.67
       1.536     0.500000         4989         2.00
       1.625     0.550000         5491         2.22
       1.710     0.600000         5985         2.50
       1.799     0.650000         6484         2.86
       1.908     0.700000         6984         3.33
       2.032     0.750000         7483         4.00
       2.101     0.775000         7732         4.44
       2.179     0.800000         7988         5.00
       2.273     0.825000         8234         5.71
       2.373     0.850000         8478         6.67
       2.521     0.875000         8730         8.00
       2.617     0.887500         8854         8.89
       2.767     0.900000         8977        10.00
       2.959     0.912500         9103        11.43
       3.279     0.925000         9226        13.33
       3.993     0.937500         9351        16.00
       4.459     0.943750         9413        17.78
       5.187     0.950000         9476        20.00
       6.099     0.956250         9539        22.86
       7.143     0.962500         9600        26.67
       8.863     0.968750         9663        32.00
      10.039     0.971875         9694        35.56
      11.935     0.975000         9725        40.00
      14.487     0.978125         9756        45.71
      18.575     0.981250         9787        53.33
      25.599     0.984375         9819        64.00
      28.847     0.985938         9834        71.11
      31.775     0.987500         9850        80.00
      35.007     0.989062         9865        91.43
      38.719     0.990625         9881       106.67
      42.079     0.992188         9897       128.00
      44.287     0.992969         9904       142.22
      45.855     0.993750         9913       160.00
      47.007     0.994531         9920       182.86
      48.799     0.995313         9928       213.33
      50.943     0.996094         9936       256.00
      51.455     0.996484         9939       284.44
      52.159     0.996875         9943       320.00
      52.831     0.997266         9947       365.71
      54.751     0.997656         9951       426.67
      58.591     0.998047         9955       512.00
      59.743     0.998242         9957       568.89
      61.855     0.998437         9959       640.00
      62.399     0.998633         9961       731.43
      62.591     0.998828         9963       853.33
      63.839     0.999023         9965      1024.00
      64.607     0.999121         9966      1137.78
      64.863     0.999219         9967      1280.00
      66.111     0.999316         9968      1462.86
      66.303     0.999414         9969      1706.67
      69.055     0.999512         9970      2048.00
      69.055     0.999561         9970      2275.56
      70.207     0.999609         9971      2560.00
      70.207     0.999658         9971      2925.71
      71.231     0.999707         9972      3413.33
      71.231     0.999756         9972      4096.00
      71.231     0.999780         9972      4551.11
      79.871     0.999805         9973      5120.00
      79.871     0.999829         9973      5851.43
      79.871     0.999854         9973      6826.67
      79.871     0.999878         9973      8192.00
      79.871     0.999890         9973      9102.22
      99.583     0.999902         9974     10240.00
      99.583     1.000000         9974          inf
#[Mean    =        2.532, StdDeviation   =        5.715]
#[Max     =       99.520, Total count    =         9974]
#[Buckets =           27, SubBuckets     =         2048]
----------------------------------------------------------
  15018 requests in 30.00s, 1.50MB read
Requests/sec:    500.52
Transfer/sec:     51.32KB
