Running 30s test @ http://localhost:9411
  4 threads and 50 connections
  Thread calibration: mean lat.: 9.911ms, rate sampling interval: 67ms
  Thread calibration: mean lat.: 9.921ms, rate sampling interval: 67ms
  Thread calibration: mean lat.: 9.768ms, rate sampling interval: 67ms
  Thread calibration: mean lat.: 9.653ms, rate sampling interval: 64ms
  Thread Stats   Avg      Stdev     Max   +/- Stdev
    Latency     1.32s     4.88s   29.20s    92.90%
    Req/Sec   520.44    732.49    13.57k    98.75%
  Latency Distribution (HdrHistogram - Recorded Latency)
 50.000%    1.48ms
 75.000%    2.53ms
 90.000%  106.11ms
 99.000%   25.97s 
 99.900%   28.88s 
 99.990%   29.16s 
 99.999%   29.21s 
100.000%   29.21s 

  Detailed Percentile spectrum:
       Value   Percentile   TotalCount 1/(1-Percentile)

       0.148     0.000000            1         1.00
       0.697     0.100000         4121         1.11
       0.921     0.200000         8244         1.25
       1.113     0.300000        12357         1.43
       1.291     0.400000        16461         1.67
       1.475     0.500000        20571         2.00
       1.578     0.550000        22627         2.22
       1.703     0.600000        24687         2.50
       1.852     0.650000        26737         2.86
       2.063     0.700000        28801         3.33
       2.527     0.750000        30849         4.00
       3.739     0.775000        31878         4.44
      10.095     0.800000        32906         5.00
      23.903     0.825000        33935         5.71
      40.447     0.850000        34963         6.67
      63.807     0.875000        35993         8.00
      82.623     0.887500        36505         8.89
     106.111     0.900000        37020        10.00
     860.671     0.912500        37533        11.43
    4931.583     0.925000        38048        13.33
    9011.199     0.937500        38563        16.00
   11034.623     0.943750        38819        17.78
   13082.623     0.950000        39077        20.00
   14974.975     0.956250        39334        22.86
   17006.591     0.962500        39590        26.67
   19054.591     0.968750        39848        32.00
   20070.399     0.971875        39977        35.56
   21086.207     0.975000        40105        40.00
   22118.399     0.978125        40235        45.71
   23117.823     0.981250        40361        53.33
   24133.631     0.984375        40490        64.00
   24657.919     0.985938        40556        71.11
   25149.439     0.987500        40619        80.00
   25673.727     0.989062        40685        91.43
   26165.247     0.990625        40747       106.67
   26673.151     0.992188        40811       128.00
   26935.295     0.992969        40844       142.22
   27181.055     0.993750        40876       160.00
   27443.199     0.994531        40909       182.86
   27688.959     0.995313        40940       213.33
   27951.103     0.996094        40973       256.00
   28065.791     0.996484        40988       284.44
   28196.863     0.996875        41005       320.00
   28327.935     0.997266        41021       365.71
   28442.623     0.997656        41036       426.67
   28573.695     0.998047        41053       512.00
   28639.231     0.998242        41060       568.89
   28704.767     0.998437        41069       640.00
   28770.303     0.998633        41078       731.43
   28819.455     0.998828        41084       853.33
   28884.991     0.999023        41093      1024.00
   28917.759     0.999121        41096      1137.78
   28950.527     0.999219        41101      1280.00
   28983.295     0.999316        41105      1462.86
   28999.679     0.999414        41108      1706.67
   29048.831     0.999512        41114      2048.00
   29048.831     0.999561        41114      2275.56
   29081.599     0.999609        41117      2560.00
   29097.983     0.999658        41120      2925.71
   29097.983     0.999707        41120      3413.33
   29114.367     0.999756        41122      4096.00
   29130.751     0.999780        41123      4551.11
   29147.135     0.999805        41126      5120.00
   29147.135     0.999829        41126      5851.43
   29147.135     0.999854        41126      6826.67
   29163.519     0.999878        41129      8192.00
   29163.519     0.999890        41129      9102.22
   29163.519     0.999902        41129     10240.00
   29163.519     0.999915        41129     11702.86
   29163.519     0.999927        41129     13653.33
   29179.903     0.999939        41130     16384.00
   29179.903     0.999945        41130     18204.44
   29179.903     0.999951        41130     20480.00
   29196.287     0.999957        41131     23405.71
   29196.287     0.999963        41131     27306.67
   29196.287     0.999969        41131     32768.00
   29196.287     0.999973        41131     36408.89
   29196.287     0.999976        41131     40960.00
   29212.671     0.999979        41132     46811.43
   29212.671     1.000000        41132          inf
#[Mean    =     1323.181, StdDeviation   =     4883.517]
#[Max     =    29196.288, Total count    =        41132]
#[Buckets =           27, SubBuckets     =         2048]
----------------------------------------------------------
  59967 requests in 30.01s, 6.00MB read
  Socket errors: connect 0, read 3, write 0, timeout 42
Requests/sec:   1997.95
Transfer/sec:    204.87KB
